chain kernel w h0 cut lam | D*IS D*OOS (with latency) | edge $/series D=2 IS/OOS | D=5 IS/OOS | LB95 ann%NAV D=5 OOS | noise $ filled/series D=5, D=8 (OOS)
L1 normal  30 0.005  35 0.1 |  6.67   inf |    +115    -120 |    +226     -42 |    -3.5 |   18,191   18,435
L1 normal  30 0.005  35 0.5 |  3.04   inf |    +557    +137 |    +644    +111 |    -1.2 |   18,170   18,416
L1 normal  30 0.005 144 0.1 |   inf   inf |    +405   -1509 |    +453   -1154 |   -35.3 |  109,964  114,380
L1 normal  30 0.005 144 0.5 |   inf   inf |   +2460    -643 |   +2288    -604 |   -27.3 |  108,804  113,288
L1 normal  30 0.010  35 0.1 |  1.00   inf |    +413    +105 |   +1186    +225 |    -2.8 |   39,025   39,523
L1 normal  30 0.010  35 0.5 |  1.00  3.98 |    +698    +295 |   +1916    +452 |    +1.5 |   38,840   39,386
L1 normal  30 0.010 144 0.1 |  1.00   inf |   +1737   -2063 |   +5948    -498 |   -44.2 |  205,246  222,393
L1 normal  30 0.010 144 0.5 |  3.49   inf |   +3032   -1687 |   +5165    -569 |   -41.1 |  201,936  218,881
L1 normal  30 0.010 339 0.1 |   inf   inf |    -149   -7545 |   +2796   -5626 |  -150.7 |  312,208  351,596
L1 normal  30 0.010 339 0.5 |   inf   inf |      -5   -7637 |   +3794   -5756 |  -152.9 |  306,387  344,868
L1 normal  30 0.020  35 0.1 |  1.00  1.00 |   +2174   +1595 |   +3708   +1523 |   +18.2 |   81,202   82,470
L1 normal  30 0.020  35 0.5 |  1.00  1.00 |   +2355   +1622 |   +4609   +1866 |   +24.0 |   80,686   81,914
L1 normal  30 0.020 100 0.1 |  1.00  5.34 |   +4338    +855 |   +7246   +2583 |    -2.4 |  289,898  322,840
L1 normal  30 0.020 100 0.5 |  1.75  4.23 |   +2675    -517 |  +11651   +3267 |   +15.3 |  284,060  316,170
L1 normal  30 0.020 144 0.1 |  2.45  7.85 |   +2194   -1249 |   +6013   +2108 |   -26.4 |  342,830  393,622
L1 normal  30 0.020 144 0.5 |  2.65  5.61 |   +1172   -2430 |   +7049   +2110 |   -11.5 |  334,828  384,019
L1 normal 120 0.005 125 0.1 |  4.93   inf |    +407   -1947 |   +2566    -487 |   -42.2 |  206,593  226,400
L1 normal 120 0.005 125 0.5 |  1.00   inf |   +2210    -307 |   +5723     +91 |   -30.5 |  203,385  223,150
L1 normal 120 0.005 144 0.1 |  1.27   inf |    +953   -1068 |   +3011    -425 |   -48.1 |  256,922  288,762
L1 normal 120 0.005 144 0.5 |  1.39   inf |   +2389    -345 |   +5465    +191 |   -34.4 |  252,392  284,143
L1 normal 120 0.010 125 0.1 |  1.00   inf |   +2719   +1073 |   +5612   +1732 |   -31.5 |  337,934  401,362
L1 normal 120 0.010 125 0.5 |  1.91   inf |   +2639   +1401 |   +8910   +2118 |   -18.6 |  331,155  392,956
L1 normal 120 0.010 144 0.1 |  2.48   inf |   +2284   +1792 |   +3934   +1372 |   -50.2 |  390,932  485,873
L1 normal 120 0.010 144 0.5 |  3.09   inf |    +840     -50 |   +4505    +785 |   -55.1 |  382,339  474,396
L1 normal 120 0.010 399 0.1 |  7.00   inf |   +1369   -2796 |   +8088    -867 |  -153.1 |  544,134  786,397
L1 normal 120 0.010 399 0.5 |  6.37   inf |    -778   -4791 |   +5560   -1788 |  -150.7 |  530,103  763,692
L1 normal 120 0.020 125 0.1 |  1.91  1.00 |   +3961   +5664 |   +9118  +10670 |  +104.4 |  466,670  610,319
L1 normal 120 0.020 125 0.5 |  2.29  2.46 |   +2787   +3262 |   +9283   +8580 |   +73.1 |  453,875  592,499
L1 normal 120 0.020 144 0.1 |  2.03  1.00 |   +4366   +6154 |   +8854  +11558 |  +152.0 |  495,650  681,187
L1 normal 120 0.020 144 0.5 |  2.73  3.28 |   +1460   +1709 |   +8696   +8666 |   +70.2 |  481,400  659,725
L1 normal 120 0.020 160 0.1 |  3.01  1.00 |   +2906   +5994 |   +8816  +12124 |  +151.4 |  506,788  713,718
L1 normal 120 0.020 160 0.5 |  2.96  3.07 |    +846   +1571 |   +9374   +8250 |   +59.8 |  491,863  691,001
L1 normal 240 0.005 245 0.1 |   inf   inf |    +784    +638 |   +3862    +716 |   -70.2 |  417,614  537,885
L1 normal 240 0.005 245 0.5 |  4.80   inf |   +3303    -421 |   +5822    -308 |   -80.8 |  407,463  524,225
L1 normal 240 0.010 245 0.1 |  3.48  2.12 |   +3132   +3197 |   +9674   +7890 |   +73.9 |  492,569  719,136
L1 normal 240 0.010 245 0.5 |  4.09  6.72 |   +3868   +1436 |   +8929   +3605 |   -37.7 |  479,410  697,158
L1 normal 240 0.010 479 0.1 |  7.23  2.66 |   +3501   +3607 |   +7081   +5304 |   -68.4 |  559,182  872,085
L1 normal 240 0.010 479 0.5 |  5.39  7.08 |    +609   +2078 |   +6807   +5956 |   -40.9 |  543,283  842,905
L1 normal 240 0.020 245 0.1 |  1.00  1.00 |   +6720   +6787 |  +14177  +16304 |  +288.5 |  521,509  789,160
L1 normal 240 0.020 245 0.5 |  1.79  1.77 |   +4674   +4966 |  +14352  +12270 |   +99.7 |  505,272  761,322
L1 t       30 0.005  35 0.1 |  1.95   inf |    +117     +97 |    +270     +41 |    -1.8 |   18,218   18,466
L1 t       30 0.005  35 0.5 |  1.00  1.00 |    +428    +246 |    +505     +38 |    -2.1 |   18,182   18,456
L1 t       30 0.005 144 0.1 |  1.00  3.53 |    +726    +862 |   +1192   +1344 |    +3.7 |  110,523  114,777
L1 t       30 0.005 144 0.5 |  1.00  1.00 |   +1820   +1813 |   +3370   +1835 |   +13.3 |  108,680  113,108
L1 t       30 0.010  35 0.1 |  1.00  1.00 |    +529     +83 |   +1046    +255 |    -0.6 |   39,107   39,557
L1 t       30 0.010  35 0.5 |  1.00  1.00 |   +1145    +774 |   +1657   +1014 |   +12.0 |   38,847   39,309
L1 t       30 0.010 144 0.1 |  1.00  3.08 |   +1486   +1056 |   +4785   +3778 |   +35.3 |  206,800  222,994
L1 t       30 0.010 144 0.5 |  1.00  1.09 |   +3503   +3066 |   +6424   +4842 |   +57.6 |  201,861  217,475
L1 t       30 0.010 339 0.1 |  2.06  3.52 |   +1216    +341 |   +5776   +3554 |   +29.2 |  314,278  352,193
L1 t       30 0.010 339 0.5 |  1.00  1.18 |   +4244   +3487 |   +8280   +5524 |   +62.3 |  305,323  341,606
L1 t       30 0.020  35 0.1 |  1.00  1.00 |   +2359   +1598 |   +2900   +1588 |   +18.9 |   80,803   82,090
L1 t       30 0.020  35 0.5 |  1.00  1.00 |   +3144   +2463 |   +3998   +2715 |   +36.0 |   79,934   81,202
L1 t       30 0.020 100 0.1 |  1.00  1.00 |   +4159   +3964 |   +8813   +6928 |   +86.4 |  285,936  318,395
L1 t       30 0.020 100 0.5 |  1.00  1.00 |   +6051   +6266 |  +11759   +8943 |  +122.5 |  277,122  308,150
L1 t       30 0.020 144 0.1 |  1.00  1.00 |   +4776   +4910 |   +9732   +9186 |  +119.9 |  337,290  387,031
L1 t       30 0.020 144 0.5 |  1.00  1.00 |   +6425   +7480 |  +12626  +11435 |  +155.8 |  325,627  372,909
L1 t      120 0.005 125 0.1 |  2.00  4.88 |    +283    +462 |   +2751   +1879 |    +1.3 |  208,631  227,856
L1 t      120 0.005 125 0.5 |  1.00  1.93 |   +2908    +868 |   +4716   +3772 |   +33.6 |  204,060  223,152
L1 t      120 0.005 144 0.1 |  1.67  4.36 |    +562    -879 |   +3268   +2726 |    +9.8 |  259,987  291,051
L1 t      120 0.005 144 0.5 |  1.00  2.26 |   +3004    +624 |   +5679   +4406 |   +38.7 |  253,500  284,011
L1 t      120 0.010 125 0.1 |  1.00  2.48 |   +2113    +567 |   +6136   +3688 |   +50.4 |  342,578  403,687
L1 t      120 0.010 125 0.5 |  1.00  1.00 |   +5395   +3640 |   +9654   +9245 |  +115.8 |  332,493  390,483
L1 t      120 0.010 144 0.1 |  1.00  2.27 |   +3057    +725 |   +6410   +3991 |   +53.3 |  396,601  488,975
L1 t      120 0.010 144 0.5 |  1.00  1.08 |   +5470   +3446 |  +10211  +10295 |  +128.1 |  383,558  470,944
L1 t      120 0.010 399 0.1 |  1.00  1.53 |   +4573   +2734 |  +10785   +7881 |  +112.4 |  550,112  789,114
L1 t      120 0.010 399 0.5 |  1.00  1.00 |   +6182   +4602 |  +16574  +13022 |  +212.5 |  528,332  753,724
L1 t      120 0.020 125 0.1 |  1.00  1.00 |   +5991   +5787 |  +12735  +12951 |  +224.0 |  457,462  597,641
L1 t      120 0.020 125 0.5 |  1.00  1.00 |   +7709   +8065 |  +16255  +16999 |  +296.8 |  439,275  571,900
L1 t      120 0.020 144 0.1 |  1.00  1.00 |   +5568   +5785 |  +13413  +14210 |  +244.7 |  485,542  665,939
L1 t      120 0.020 144 0.5 |  1.00  1.00 |   +7660   +8000 |  +16943  +18555 |  +323.2 |  465,191  635,269
L1 t      120 0.020 160 0.1 |  1.00  1.00 |   +5367   +5946 |  +13724  +14254 |  +246.2 |  496,084  697,635
L1 t      120 0.020 160 0.5 |  1.00  1.00 |   +7668   +8115 |  +17610  +18961 |  +332.4 |  475,103  665,466
L1 t      240 0.005 245 0.1 |  1.14  7.24 |   +1419   -1171 |   +4156    +267 |   -15.9 |  424,740  544,875
L1 t      240 0.005 245 0.5 |  1.00  1.85 |   +4826   +1439 |   +9321   +7013 |   +60.2 |  409,799  523,950
L1 t      240 0.010 245 0.1 |  1.00  1.09 |   +4399   +3208 |  +10300   +8172 |  +121.0 |  500,771  724,597
L1 t      240 0.010 245 0.5 |  1.00  1.00 |   +6023   +4276 |  +13714  +12392 |  +154.1 |  480,781  690,368
L1 t      240 0.010 479 0.1 |  1.00  1.00 |   +4711   +4801 |  +11599  +11172 |  +167.0 |  565,252  874,474
L1 t      240 0.010 479 0.5 |  1.00  1.00 |   +6435   +5873 |  +16139  +15949 |  +204.6 |  540,629  829,315
L1 t      240 0.020 245 0.1 |  1.00  1.00 |   +6038   +6597 |  +14814  +15437 |  +263.2 |  509,833  769,015
L1 t      240 0.020 245 0.5 |  1.00  1.00 |   +8311   +8117 |  +19936  +19655 |  +345.4 |  487,314  730,746
L2 normal  30 0.005  35 0.1 |   inf   inf |    +131    -350 |     +57    -249 |    -7.2 |   13,371   13,472
L2 normal  30 0.005  35 0.5 |   inf   inf |    +260    -235 |    +294    -142 |    -4.7 |   13,371   13,453
L2 normal  30 0.005 144 0.1 |   inf   inf |    +293    -979 |    +318    -707 |   -26.0 |   83,502   86,159
L2 normal  30 0.005 144 0.5 |   inf   inf |   +2501    -327 |   +2271    -208 |   -16.7 |   82,796   85,527
L2 normal  30 0.010  35 0.1 |   inf   inf |     +39     -65 |    +549      -6 |    -4.3 |   28,939   29,235
L2 normal  30 0.010  35 0.5 |  4.15   inf |    +627    +107 |    +790    +143 |    -2.3 |   28,854   29,177
L2 normal  30 0.010  74 0.1 |   inf   inf |    +902    -569 |    +932    -322 |   -20.2 |   97,475  100,755
L2 normal  30 0.010  74 0.5 |  1.00   inf |   +2438      +9 |   +2706    +369 |    -7.6 |   96,590   99,925
L2 normal  30 0.010 144 0.1 |  1.00   inf |   +2030   -1440 |   +2758    -918 |   -38.4 |  161,617  170,836
L2 normal  30 0.010 144 0.5 |  1.00   inf |   +4688    +106 |   +5689    +552 |   -17.2 |  159,330  168,502
L2 normal  30 0.020  35 0.1 |  1.00  1.00 |   +2473    +828 |   +2723    +765 |    +4.4 |   61,081   61,593
L2 normal  30 0.020  35 0.5 |  1.00  1.00 |   +3354   +1139 |   +3365   +1148 |   +12.3 |   60,759   61,207
L2 normal  30 0.020 144 0.1 |  1.00  4.32 |   +5161   +2261 |   +8087   +2510 |    +1.7 |  285,448  315,770
L2 normal  30 0.020 144 0.5 |  1.00  1.72 |   +6280   +3246 |  +12405   +4863 |   +27.4 |  279,354  308,789
L2 normal 120 0.005 125 0.1 |   inf   inf |    +349   -1567 |   +1003   -1032 |   -47.3 |  162,665  173,428
L2 normal 120 0.005 125 0.5 |  2.45   inf |   +1360    +339 |   +4130    +408 |   -18.5 |  160,538  171,583
L2 normal 120 0.005 144 0.1 |   inf   inf |    +462   -1060 |   +1287    -908 |   -49.7 |  206,648  225,901
L2 normal 120 0.005 144 0.5 |  1.00   inf |   +2386    +680 |   +4564    +584 |   -21.6 |  203,394  222,716
L2 normal 120 0.010 125 0.1 |  1.00   inf |   +3113     -61 |   +4558    +284 |   -39.3 |  283,171  322,850
L2 normal 120 0.010 125 0.5 |  1.00  4.15 |   +4710   +1893 |  +10523   +2812 |    +5.0 |  277,929  316,908
L2 normal 120 0.010 134 0.1 |  1.00   inf |   +3412    +813 |   +5963    +365 |   -43.9 |  312,569  364,209
L2 normal 120 0.010 134 0.5 |  1.00  1.93 |   +5057   +3104 |   +7120   +2844 |    -2.0 |  306,574  357,124
L2 normal 120 0.010 144 0.1 |  1.00   inf |   +3332   +1005 |   +6147   +1815 |   -23.4 |  337,399  400,650
L2 normal 120 0.010 144 0.5 |  1.00  3.95 |   +4996   +3486 |  +11562   +3893 |   +11.9 |  330,633  392,197
L2 normal 120 0.020 125 0.1 |  1.00  1.00 |   +5909   +6348 |  +11771  +10474 |  +102.1 |  425,369  527,297
L2 normal 120 0.020 125 0.5 |  1.00  1.00 |   +6164   +7293 |  +12088  +12987 |  +135.1 |  414,521  512,949
L2 normal 120 0.020 144 0.1 |  1.00  1.00 |   +6002   +6563 |  +12384  +12947 |  +172.2 |  467,843  609,012
L2 normal 120 0.020 144 0.5 |  1.00  1.00 |   +7151   +8634 |  +12630  +16650 |  +199.2 |  455,106  590,767
L2 normal 240 0.005 245 0.1 |  5.62   inf |    +909    +205 |   +2839    -370 |   -79.4 |  368,931  452,684
L2 normal 240 0.005 245 0.5 |  2.82  1.98 |   +2203   +4090 |   +6002   +3171 |   -14.1 |  360,517  441,990
L2 normal 240 0.010 245 0.1 |  6.28  1.00 |   +1782   +3917 |   +7079   +9269 |  +162.2 |  472,770  654,976
L2 normal 240 0.010 245 0.5 |  1.00  1.00 |   +4879   +5795 |  +13191  +11538 |  +135.3 |  460,584  636,003
L2 normal 240 0.020 245 0.1 |  1.00  1.00 |   +6296   +6369 |  +14484  +15247 |  +269.7 |  520,471  772,111
L2 normal 240 0.020 245 0.5 |  1.00  1.00 |   +8314   +8433 |  +18213  +19849 |  +353.3 |  504,441  745,453
L2 t       30 0.005  35 0.1 |   inf   inf |     +12    -245 |     +72    -121 |    -3.8 |   13,386   13,495
L2 t       30 0.005  35 0.5 |  1.40   inf |    +203     -51 |    +311     +78 |    -0.6 |   13,386   13,470
L2 t       30 0.005 144 0.1 |  1.00  7.48 |    +895    +525 |    +995    +669 |    -1.0 |   83,831   86,384
L2 t       30 0.005 144 0.5 |  1.00  1.00 |   +1886   +1482 |   +2184   +1415 |   +10.2 |   82,767   85,401
L2 t       30 0.010  35 0.1 |  1.00  3.07 |    +425    +212 |    +645    +301 |    +1.3 |   29,006   29,265
L2 t       30 0.010  35 0.5 |  1.00  1.00 |    +812    +408 |   +1086    +604 |    +5.9 |   28,872   29,150
L2 t       30 0.010  74 0.1 |  1.00  1.00 |   +1498   +1347 |   +2112   +1756 |   +18.8 |   97,886  100,841
L2 t       30 0.010  74 0.5 |  1.00  1.00 |   +2600   +2100 |   +4797   +2512 |   +29.6 |   96,574   99,537
L2 t       30 0.010 144 0.1 |  1.00  2.58 |   +1819    +962 |   +3437   +2125 |   +17.7 |  162,554  171,183
L2 t       30 0.010 144 0.5 |  1.00  1.00 |   +3226   +2287 |   +5333   +3850 |   +40.2 |  159,108  167,430
L2 t       30 0.020  35 0.1 |  1.00  1.00 |   +1968   +1287 |   +2214    +967 |   +10.5 |   60,868   61,318
L2 t       30 0.020  35 0.5 |  1.00  1.00 |   +2500   +1733 |   +2924   +1806 |   +23.8 |   60,313   60,814
L2 t       30 0.020 144 0.1 |  1.00  1.00 |   +5162   +3997 |   +8880   +7530 |   +90.4 |  281,342  311,059
L2 t       30 0.020 144 0.5 |  1.00  1.00 |   +6824   +5420 |  +11420   +9911 |  +132.0 |  272,411  300,748
L2 t      120 0.005 125 0.1 |  1.00  1.59 |   +1207   +1522 |   +2544   +1907 |   +15.1 |  164,011  174,299
L2 t      120 0.005 125 0.5 |  1.00  1.00 |   +2929   +2706 |   +4258   +2998 |   +29.5 |  160,936  171,525
L2 t      120 0.005 144 0.1 |  1.00  2.10 |   +1704    +995 |   +3043   +2395 |   +20.7 |  208,749  227,442
L2 t      120 0.005 144 0.5 |  1.00  1.03 |   +2936   +2813 |   +5340   +3482 |   +31.5 |  204,125  222,732
L2 t      120 0.010 125 0.1 |  1.00  1.05 |   +3171   +3374 |   +5609   +3916 |   +32.4 |  286,464  324,445
L2 t      120 0.010 125 0.5 |  1.00  1.05 |   +4738   +2442 |   +8537   +5993 |   +66.8 |  278,718  314,991
L2 t      120 0.010 134 0.1 |  1.00  1.00 |   +3449   +2030 |   +6175   +4528 |   +39.5 |  316,498  366,204
L2 t      120 0.010 134 0.5 |  1.00  1.30 |   +5062   +2298 |   +8967   +6488 |   +71.6 |  307,479  354,995
L2 t      120 0.010 144 0.1 |  1.00  1.00 |   +3407   +2397 |   +6347   +5948 |   +54.7 |  341,875  402,953
L2 t      120 0.010 144 0.5 |  1.00  1.31 |   +5034   +2649 |   +9432   +7727 |   +82.5 |  331,794  389,720
L2 t      120 0.020 125 0.1 |  1.00  1.00 |   +5896   +4066 |  +11662   +9865 |  +161.2 |  417,582  517,251
L2 t      120 0.020 125 0.5 |  1.00  1.00 |   +7732   +5797 |  +15123  +13583 |  +234.1 |  402,068  496,245
L2 t      120 0.020 144 0.1 |  1.00  1.07 |   +6010   +4215 |  +12304  +11219 |  +179.3 |  458,861  596,180
L2 t      120 0.020 144 0.5 |  1.00  1.00 |   +7876   +5536 |  +15963  +14865 |  +253.4 |  440,435  570,335
L2 t      240 0.005 245 0.1 |  1.00  1.00 |   +2596   +2762 |   +5441   +6523 |   +57.9 |  374,912  457,923
L2 t      240 0.005 245 0.5 |  1.00  1.00 |   +4254   +3242 |   +8622   +6884 |   +66.7 |  362,532  441,740
L2 t      240 0.010 245 0.1 |  1.00  1.00 |   +3870   +4029 |   +8926   +8012 |  +105.3 |  480,576  659,959
L2 t      240 0.010 245 0.5 |  1.00  1.19 |   +5614   +3626 |  +12809   +8635 |  +127.5 |  462,082  630,229
L2 t      240 0.020 245 0.1 |  1.00  1.00 |   +6296   +6265 |  +14347  +13272 |  +209.0 |  508,959  752,865
L2 t      240 0.020 245 0.5 |  1.00  1.00 |   +8189   +7300 |  +18266  +17750 |  +299.8 |  486,685  716,125
IS-selected L1: {"chain": "L1", "w": 240, "cut": "wb", "h0": 0.02, "lam_block": 0.5, "sig": "rv_ewma", "kernel": "t", "ramp_h": 0.0, "B_usd": 20000.0, "Bs": 3.0, "noise_usd": 1000.0, "qepoch": 1, "oi": 1, "manip": 1, "m_a": 1.0, "pmin": 0.02, "m_lat": 0.001, "m_tail": 0.005, "m_dir": 0.005, "dir_step": 0.02, "dir_pos": 0.25, "seed": 11} cut 245 {'D_IS': np.float64(1.0), 'e2_IS': np.float64(8310.66), 'lb2_IS': np.float64(138.51), 'e5_IS': np.float64(19935.96), 'lb5_IS': np.float64(297.22), 'D_OOS': np.float64(1.0), 'e2_OOS': np.float64(8117.46), 'lb2_OOS': np.float64(136.51), 'e5_OOS': np.float64(19655.48), 'lb5_OOS': np.float64(345.37), 'fill5': np.float64(487313.7), 'fill8': np.float64(730746.2)}
   best normal: {"chain": "L1", "w": 240, "cut": "wb", "h0": 0.02, "lam_block": 0.1, "sig": "rv_ewma", "kernel": "normal", "ramp_h": 0.0, "B_usd": 20000.0, "Bs": 3.0, "noise_usd": 1000.0, "qepoch": 1, "oi": 1, "manip": 1, "m_a": 1.0, "pmin": 0.02, "m_lat": 0.001, "m_tail": 0.005, "m_dir": 0.005, "dir_step": 0.02, "dir_pos": 0.25, "seed": 11} cut 245 {'D_IS': np.float64(1.0), 'e2_IS': np.float64(6720.18), 'lb2_IS': np.float64(116.21), 'e5_IS': np.float64(14177.06), 'lb5_IS': np.float64(140.5), 'D_OOS': np.float64(1.0), 'e2_OOS': np.float64(6787.42), 'lb2_OOS': np.float64(117.38), 'e5_OOS': np.float64(16304.18), 'lb5_OOS': np.float64(288.51), 'fill5': np.float64(521509.46), 'fill8': np.float64(789160.44)}
   best t: {"chain": "L1", "w": 240, "cut": "wb", "h0": 0.02, "lam_block": 0.5, "sig": "rv_ewma", "kernel": "t", "ramp_h": 0.0, "B_usd": 20000.0, "Bs": 3.0, "noise_usd": 1000.0, "qepoch": 1, "oi": 1, "manip": 1, "m_a": 1.0, "pmin": 0.02, "m_lat": 0.001, "m_tail": 0.005, "m_dir": 0.005, "dir_step": 0.02, "dir_pos": 0.25, "seed": 11} cut 245 {'D_IS': np.float64(1.0), 'e2_IS': np.float64(8310.66), 'lb2_IS': np.float64(138.51), 'e5_IS': np.float64(19935.96), 'lb5_IS': np.float64(297.22), 'D_OOS': np.float64(1.0), 'e2_OOS': np.float64(8117.46), 'lb2_OOS': np.float64(136.51), 'e5_OOS': np.float64(19655.48), 'lb5_OOS': np.float64(345.37), 'fill5': np.float64(487313.7), 'fill8': np.float64(730746.2)}
IS-selected L2: {"chain": "L2", "w": 240, "cut": "wb", "h0": 0.02, "lam_block": 0.5, "sig": "rv_ewma", "kernel": "t", "ramp_h": 0.0, "B_usd": 20000.0, "Bs": 3.0, "noise_usd": 1000.0, "qepoch": 1, "oi": 1, "manip": 1, "m_a": 1.0, "pmin": 0.02, "m_lat": 0.001, "m_tail": 0.005, "m_dir": 0.005, "dir_step": 0.02, "dir_pos": 0.25, "seed": 11} cut 245 {'D_IS': np.float64(1.0), 'e2_IS': np.float64(8188.6), 'lb2_IS': np.float64(142.4), 'e5_IS': np.float64(18265.95), 'lb5_IS': np.float64(321.81), 'D_OOS': np.float64(1.0), 'e2_OOS': np.float64(7300.18), 'lb2_OOS': np.float64(107.94), 'e5_OOS': np.float64(17749.5), 'lb5_OOS': np.float64(299.78), 'fill5': np.float64(486684.97), 'fill8': np.float64(716125.33)}
   best normal: {"chain": "L2", "w": 240, "cut": "wb", "h0": 0.02, "lam_block": 0.5, "sig": "rv_ewma", "kernel": "normal", "ramp_h": 0.0, "B_usd": 20000.0, "Bs": 3.0, "noise_usd": 1000.0, "qepoch": 1, "oi": 1, "manip": 1, "m_a": 1.0, "pmin": 0.02, "m_lat": 0.001, "m_tail": 0.005, "m_dir": 0.005, "dir_step": 0.02, "dir_pos": 0.25, "seed": 11} cut 245 {'D_IS': np.float64(1.0), 'e2_IS': np.float64(8313.83), 'lb2_IS': np.float64(145.04), 'e5_IS': np.float64(18212.52), 'lb5_IS': np.float64(219.01), 'D_OOS': np.float64(1.0), 'e2_OOS': np.float64(8433.25), 'lb2_OOS': np.float64(147.2), 'e5_OOS': np.float64(19849.45), 'lb5_OOS': np.float64(353.28), 'fill5': np.float64(504440.83), 'fill8': np.float64(745453.33)}
   best t: {"chain": "L2", "w": 240, "cut": "wb", "h0": 0.02, "lam_block": 0.5, "sig": "rv_ewma", "kernel": "t", "ramp_h": 0.0, "B_usd": 20000.0, "Bs": 3.0, "noise_usd": 1000.0, "qepoch": 1, "oi": 1, "manip": 1, "m_a": 1.0, "pmin": 0.02, "m_lat": 0.001, "m_tail": 0.005, "m_dir": 0.005, "dir_step": 0.02, "dir_pos": 0.25, "seed": 11} cut 245 {'D_IS': np.float64(1.0), 'e2_IS': np.float64(8188.6), 'lb2_IS': np.float64(142.4), 'e5_IS': np.float64(18265.95), 'lb5_IS': np.float64(321.81), 'D_OOS': np.float64(1.0), 'e2_OOS': np.float64(7300.18), 'lb2_OOS': np.float64(107.94), 'e5_OOS': np.float64(17749.5), 'lb5_OOS': np.float64(299.78), 'fill5': np.float64(486684.97), 'fill8': np.float64(716125.33)}
