
=== L1 12s, f=5bp, w=30m: sigma=0.52, sigma_block=3.21bp, n_w=150, y_v=$155.5M ===
  s/f  shift bp  sim cost $    (sd $) |  reflBM $ exact pin/offset $ | 05 s4.7c $  02 s5.4 $
 0.00      0.00           0         0 |         0                nan |          0          0
 0.25      0.62          15         5 |        85                nan |          5        384
 0.50      1.24          56        16 |       198                nan |         10        815
 1.00      2.50         223        51 |       599                nan |         19      1,820
 1.50      3.76         550        91 |     1,811                nan |         29      3,012
 1.80      4.51         888       115 |     5,524                nan |         35      3,816
 2.00      5.01       1,210       130 |       inf              1,191 |         54      4,388
 2.40      7.01       3,095        89 |       inf              3,075 |      2,638      6,957
 3.00     10.01       7,398        38 |       inf              7,373 |      7,389     11,685
 4.00     15.01      17,521        15 |       inf             17,495 |     17,641     21,897
 6.00     25.01      46,683        15 |       inf             46,650 |     46,890     51,068
10.00     45.01     140,003        15 |       inf            139,950 |    140,375    144,399

=== L1 12s, f=1bp, w=30m: sigma=0.52, sigma_block=3.21bp, n_w=150, y_v=$155.5M ===
  s/f  shift bp  sim cost $    (sd $) |  reflBM $ exact pin/offset $ | 05 s4.7c $  02 s5.4 $
 0.00      0.00           0         0 |         0                nan |          0          0
 0.25      0.12           1         0 |        86                nan |          0         15
 0.50      0.25           6         1 |       200                nan |          0         33
 1.00      0.50          23         2 |       600                nan |          1         73
 1.50      0.75          54         5 |     1,805                nan |          1        120
 1.80      0.90          79         7 |     5,448                nan |          1        152
 2.00      1.00          98         9 |       inf                 98 |          2        175
 2.40      1.40         190         9 |       inf                189 |        105        278
 3.00      2.00         363         8 |       inf                362 |        295        467
 4.00      3.00         748         7 |       inf                748 |        705        875
 6.00      5.00       1,884         5 |       inf              1,884 |      1,874      2,042
10.00      9.00       5,600         1 |       inf              5,599 |      5,613      5,774

=== L1 12s, f=30bp, w=30m: sigma=0.52, sigma_block=3.21bp, n_w=150, y_v=$155.5M ===
  s/f  shift bp  sim cost $    (sd $) |  reflBM $ exact pin/offset $ | 05 s4.7c $  02 s5.4 $
 0.00      0.00           0         0 |         0                nan |          0          0
 0.25      2.75          71        91 |        61                nan |        128     10,070
 0.50      6.17         214       231 |       155                nan |        288     23,815
 1.00     14.31         725       535 |       547                nan |        668     62,019
 1.50     22.64       1,885       825 |     1,847                nan |      1,056    109,128
 1.80     27.38       3,940       985 |     6,277                nan |      1,277    139,529
 2.00     30.43       9,539     1,099 |       inf              8,640 |      4,432    160,457
 2.40     42.43      93,367       439 |       inf             92,367 |     97,960    253,424
 3.00     60.43     263,566       439 |       inf            262,406 |    269,739    424,364
 4.00     90.43     631,330       439 |       inf            629,775 |    640,009    793,234
 6.00    150.43   1,682,224       439 |       inf          1,679,400 |  1,695,435  1,845,861
10.00    270.43   5,045,515       439 |       inf          5,038,200 |  5,065,837  5,210,665

=== L2 2s, f=5bp, w=30m: sigma=0.52, sigma_block=1.31bp, n_w=900, y_v=$155.5M ===
  s/f  shift bp  sim cost $    (sd $) |  reflBM $ exact pin/offset $ | 05 s4.7c $  02 s5.4 $
 0.00      0.00           0         0 |         0                nan |          0          0
 0.25      0.62          35        10 |        85                nan |          5      2,311
 0.50      1.25         117        29 |       200                nan |         10      4,910
 1.00      2.50         395        72 |       601                nan |         19     10,949
 1.50      3.76       1,017       115 |     1,818                nan |         29     18,097
 1.80      4.51       1,970       140 |     5,535                nan |         35     22,902
 2.00      5.01       3,380       154 |       inf              3,352 |        121     26,323
 2.40      7.01      15,661        43 |       inf             15,635 |     15,548     41,734
 3.00     10.01      43,766        13 |       inf             43,735 |     43,935     70,098
 4.00     15.01     105,005        13 |       inf            104,962 |    105,243    131,367
 6.00     25.01     279,978        13 |       inf            279,900 |    280,341    306,387
10.00     45.01     839,901        13 |       inf            839,700 |    840,460    866,351

=== L1 12s, f=5bp, w=2h: sigma=0.52, sigma_block=3.21bp, n_w=600, y_v=$155.5M ===
  s/f  shift bp  sim cost $    (sd $) |  reflBM $ exact pin/offset $ | 05 s4.7c $  02 s5.4 $
 0.00      0.00           0         0 |         0                nan |          0          0
 0.25      0.63          58        10 |       343                nan |          5      1,549
 0.50      1.25         224        34 |       801                nan |         10      3,283
 1.00      2.50         884       105 |     2,407                nan |         19      7,303
 1.50      3.76       2,175       186 |     7,260                nan |         29     12,059
 1.80      4.51       3,517       235 |    22,066                nan |         35     15,262
 2.00      5.01       4,796       264 |       inf              4,774 |         87     17,542
 2.40      7.01      12,326       181 |       inf             12,294 |     10,375     27,814
 3.00     10.01      29,522        72 |       inf             29,493 |     29,306     46,722
 4.00     15.01      70,014        16 |       inf             69,978 |     70,188     87,565
 6.00     25.01     186,659        15 |       inf            186,600 |    186,939    204,238
10.00     45.01     559,941        15 |       inf            559,800 |    560,390    577,534
